SIZES
  narena                14680064
  nbuffer               391680
  nplugin               0
  maxuse_stack          7776
  maxuse_arena          32008
  maxuse_con            5
  maxuse_efc            15
  solver_nisland        1
  ne                    0
  nf                    0
  nl                    0
  nefc                  9
  nnzJ                  144
  ncon                  3
  nisland               0
  threadpool            0

TIMER
    0:  duration =  0.085      number = 1
    1:  duration =  0.084      number = 1
    2:  duration =  0          number = 0
    3:  duration =  0.066      number = 1
    4:  duration =  0.0029     number = 1
    5:  duration =  0.0006     number = 1
    6:  duration =  0.0085     number = 1
    7:  duration =  0.00044    number = 1
    8:  duration =  0.0058     number = 1
    9:  duration =  0.0016     number = 1
    10:  duration =  0.053      number = 1
    11:  duration =  0.0054     number = 1
    12:  duration =  0.00012    number = 1
    13:  duration =  0.0045     number = 1
    14:  duration =  0.038      number = 1

SOLVER STAT
  solver_nisland = 1
  solver_fwdinv =   0         0       
  ISLAND 0
    solver_niter = 1
    solver_nnz = 256
      0:  improvement =  0.015       gradient =  5.7e-16     lineslope =  0       
          nactive = 9   nchange = 0   neval = 2   nupdate = 0

ENERGY =   0         0       

TIME =  5.2     

QPOS
   1.9     
  -0.54    
  -0.21    
   0.99    
  -0.0024  
   0.0068  
  -0.17    
  -0.02    
   0.17    
   0.75    
  -1.4     
  -0.64    
  -0.036   
  -0.054   
  -0.96    
   1.9     
   1       

QVEL
   0.35    
  -0.12    
  -0.05    
  -0.27    
   0.08    
  -0.26    
   0.17    
  -0.21    
   2       
  -0.54    
   1.5     
   0.046   
   0.52    
   3.2     
   1.7     
   4.5     

QACC_WARMSTART
  -0.8     
  -2.5     
   0.49    
   1.2     
  -6.8     
   4       
  -1.1     
  -8       
  -4.2     
   22      
   7.7     
   8.7     
  -12      
   23      
  -1.2e+02 
  -1.3e+02 

CTRL
  -0.57    
  -4       
  -0.4     
   5.3     
   0.45    
   0.45    
   0.96    
  -0.81    
  -0.39    
   0.014   

QFRC_APPLIED
   0       
   0       
   0       
   0       
   0       
   0       
   0       
   0       
   0       
   0       
   0       
   0       
   0       
   0       
   0       
   0       

XFRC_APPLIED
   0         0         0         0         0         0       
   0         0         0         0         0         0       
   0         0         0         0         0         0       
   0         0         0         0         0         0       
   0         0         0         0         0         0       
   0         0         0         0         0         0       
   0         0         0         0         0         0       
   0         0         0         0         0         0       
   0         0         0         0         0         0       
   0         0         0         0         0         0       
   0         0         0         0         0         0       
   0         0         0         0         0         0       

QACC
  -0.8     
  -2.5     
   0.49    
   1.2     
  -6.8     
   4       
  -1.1     
  -8       
  -4.2     
   22      
   7.7     
   8.7     
  -12      
   23      
  -1.2e+02 
  -1.3e+02 

SENSOR
  -0.021   
   0.17    
   0.74    
  -1.4     
  -0.64    
  -0.036   
  -0.054   
  -0.96    
   1.9     
   0.99    
   0.17    
  -0.21    
   2       
  -0.56    
   1.5     
   0.037   
   0.54    
   3.2     
   1.8     
   4.6     
  -0.57    
  -4       
  -0.4     
   5.3     
   0.45    
   0.45    
   0.96    
  -0.81    
  -0.39    
   0.014   
   0.99    
  -0.0023  
   0.0067  
  -0.17    
   1.9     
  -0.54    
  -0.21    
  -0.27    
   0.087   
  -0.26    
   0.38    
   0.0059  
  -0.046   
  -0.079   
  -2.7     
   10      
   0.16    
  -0.47    
  -0.0012  

XPOS
   0         0         0       
   1.9      -0.54     -0.21    
   1.9      -0.49     -0.16    
   1.9      -0.49     -0.21    
   1.9      -0.44     -0.24    
   1.8      -0.42     -0.34    
   1.9      -0.44     -0.46    
   1.8      -0.59     -0.16    
   1.9      -0.59     -0.21    
   1.8      -0.64     -0.23    
   1.7      -0.59     -0.31    
   1.8      -0.66     -0.4     

XQUAT
   1         0         0         0       
   0.99     -0.0023    0.0067   -0.17    
   0.98     -0.0024    0.0067   -0.18    
   0.98     -0.087     0.022    -0.18    
   0.91     -0.017     0.38     -0.19    
   0.93     -0.14     -0.3      -0.14    
   0.98     -0.088     0.013    -0.17    
   0.98     -0.0024    0.0067   -0.18    
   0.98      0.024     0.0017   -0.18    
   0.87      0.11      0.46     -0.15    
   0.88     -0.062    -0.44     -0.18    
   0.98      0.029     0.027    -0.18    

XMAT
   1         0         0         0         1         0         0         0         1       
   0.94      0.33      0.014    -0.33      0.94      0.0023   -0.012    -0.0068    1       
   0.94      0.35      0.014    -0.35      0.94      0.0023   -0.012    -0.007     1       
   0.94      0.34      0.073    -0.35      0.92      0.16     -0.012    -0.18      0.98    
   0.64      0.34      0.69     -0.37      0.92     -0.12     -0.68     -0.18      0.72    
   0.78      0.34     -0.52     -0.17      0.92      0.34      0.6      -0.18      0.78    
   0.94      0.34      0.057    -0.34      0.92      0.17      0.005    -0.18      0.98    
   0.93      0.36      0.014    -0.36      0.93      0.0023   -0.012    -0.0072    1       
   0.93      0.36     -0.0056   -0.36      0.93     -0.048    -0.012     0.047     1       
   0.54      0.36      0.76     -0.17      0.93     -0.32     -0.83      0.047     0.56    
   0.55      0.36     -0.76     -0.25      0.93      0.26      0.8       0.047     0.6     
   0.93      0.36      0.043    -0.36      0.93     -0.067    -0.064     0.047     1       

XIPOS
   0         0         0       
   1.9      -0.54     -0.18    
   1.9      -0.49     -0.21    
   1.9      -0.46     -0.23    
   1.9      -0.41     -0.29    
   1.9      -0.45     -0.44    
   1.9      -0.46     -0.49    
   1.8      -0.59     -0.21    
   1.8      -0.62     -0.22    
   1.8      -0.64     -0.27    
   1.8      -0.63     -0.38    
   1.8      -0.65     -0.43    

XIMAT
   1         0         0         0         1         0         0         0         1       
   0.94      0.33      0.014    -0.33      0.94      0.0023   -0.012    -0.0068    1       
   0.94      0.35      0.014    -0.35      0.94      0.0023   -0.012    -0.007     1       
   0.94      0.34      0.073    -0.35      0.92      0.16     -0.012    -0.18      0.98    
   0.34     -0.64      0.69      0.92      0.37     -0.12     -0.18      0.68      0.72    
   0.34     -0.78     -0.52      0.92      0.17      0.34     -0.18     -0.6       0.78    
   0.34      0.057     0.94      0.92      0.17     -0.34     -0.18      0.98      0.005   
   0.93      0.36      0.014    -0.36      0.93      0.0023   -0.012    -0.0072    1       
   0.93      0.36     -0.0056   -0.36      0.93     -0.048    -0.012     0.047     1       
   0.36     -0.54      0.76      0.93      0.17     -0.32      0.047     0.83      0.56    
   0.36     -0.55     -0.76      0.93      0.25      0.26      0.047    -0.8       0.6     
   0.36      0.043     0.93      0.93     -0.067    -0.36      0.047     1        -0.064   

XANCHOR
   1.9      -0.54     -0.21    
   1.9      -0.49     -0.16    
   1.9      -0.49     -0.21    
   1.9      -0.44     -0.24    
   1.8      -0.42     -0.34    
   1.9      -0.44     -0.46    
   1.8      -0.59     -0.16    
   1.9      -0.59     -0.21    
   1.8      -0.64     -0.23    
   1.7      -0.59     -0.31    
   1.8      -0.66     -0.4     

XAXIS
   0         0         1       
   0.014     0.0023    1       
  -0.94      0.35      0.012   
   0.34      0.92     -0.18    
   0.34      0.92     -0.18    
  -0.34     -0.92      0.18    
   0.014     0.0023    1       
  -0.93      0.36      0.012   
  -0.36     -0.93     -0.047   
  -0.36     -0.93     -0.047   
   0.36      0.93      0.047   

GEOM_XPOS
   0         0        -0.51    
   1.9      -0.54     -0.12    
   1.9      -0.54     -0.12    
   1.9      -0.48     -0.21    
   1.9      -0.48     -0.21    
   1.9      -0.46     -0.23    
   1.9      -0.4      -0.29    
   1.9      -0.4      -0.29    
   1.9      -0.45     -0.43    
   1.9      -0.45     -0.43    
   1.9      -0.46     -0.48    
   1.9      -0.46     -0.48    
   1.8      -0.59     -0.21    
   1.8      -0.59     -0.21    
   1.8      -0.62     -0.22    
   1.8      -0.64     -0.27    
   1.8      -0.64     -0.27    
   1.8      -0.63     -0.38    
   1.8      -0.63     -0.38    
   1.8      -0.65     -0.43    
   1.8      -0.65     -0.43    

GEOM_XMAT
   1         0         0         0         1         0         0         0         1       
   0.32     -0.91      0.28      0.95      0.31     -0.091    -0.0023    0.29      0.96    
   0.32     -0.91      0.28      0.95      0.31     -0.091    -0.0023    0.29      0.96    
   0.94      0.35      0.0046   -0.35      0.94     -0.00029  -0.0044   -0.0013    1       
   0.94      0.35      0.0046   -0.35      0.94     -0.00029  -0.0044   -0.0013    1       
   1        -0.014    -0.011    -0.0036    0.44     -0.9       0.018     0.9       0.44    
   0.35     -0.64      0.69      0.92      0.37     -0.12     -0.18      0.68      0.71    
   0.35     -0.64      0.69      0.92      0.37     -0.12     -0.18      0.68      0.71    
   0.31     -0.78     -0.54      0.94      0.18      0.29     -0.13     -0.6       0.79    
   0.31     -0.78     -0.54      0.94      0.18      0.29     -0.13     -0.6       0.79    
   0.25      0.27      0.93      0.69      0.62     -0.37     -0.68      0.73     -0.034   
   0.25      0.27      0.93      0.69      0.62     -0.37     -0.68      0.73     -0.034   
   0.93      0.36      0.0082   -0.36      0.93      1.1e-05  -0.0076   -0.003     1       
   0.93      0.36      0.0082   -0.36      0.93      1.1e-05  -0.0076   -0.003     1       
   0.75     -0.26     -0.6      -0.65     -0.21     -0.73      0.063     0.94     -0.33    
   0.36     -0.54      0.76      0.93      0.16     -0.32      0.054     0.82      0.56    
   0.36     -0.54      0.76      0.93      0.16     -0.32      0.054     0.82      0.56    
   0.4      -0.55     -0.74      0.92      0.25      0.31      0.0098   -0.8       0.6     
   0.4      -0.55     -0.74      0.92      0.25      0.31      0.0098   -0.8       0.6     
   0.34     -0.12      0.93      0.75     -0.57     -0.34      0.57      0.81     -0.11    
   0.34     -0.12      0.93      0.75     -0.57     -0.34      0.57      0.81     -0.11    

SITE_XPOS
   1.9      -0.54     -0.21    

SITE_XMAT
   0.94      0.33      0.014    -0.33      0.94      0.0023   -0.012    -0.0068    1       

LIGHT_XPOS
  -1        -1         1       
   1        -1         1       
   0         1         1       

LIGHT_XDIR
   0.58      0.58     -0.58    
  -0.58      0.58     -0.58    
   0        -0.71     -0.71    

SUBTREE_COM
   1.8      -0.53     -0.26    
   1.8      -0.53     -0.26    
   1.9      -0.44     -0.32    
   1.9      -0.43     -0.35    
   1.9      -0.43     -0.35    
   1.9      -0.45     -0.45    
   1.9      -0.46     -0.49    
   1.8      -0.63     -0.29    
   1.8      -0.64     -0.31    
   1.8      -0.64     -0.31    
   1.8      -0.64     -0.39    
   1.8      -0.65     -0.43    

CDOF
   0         0         0         1         0         0       
   0         0         0         0         1         0       
   0         0         0         0         0         1       
   0.94     -0.33     -0.012     0.015     0.044    -0.0025  
   0.33      0.94     -0.0068   -0.044     0.015     0.022   
   0.014     0.0023    1        -0.0049   -0.021     0.00012 
   0.014     0.0023    1         0.047    -0.036    -0.00057 
  -0.94      0.35      0.012    -0.016    -0.044     0.056   
   0.34      0.92     -0.18     -0.037     0.018     0.021   
   0.34      0.92     -0.18      0.057    -0.036    -0.078   
  -0.34     -0.92      0.18     -0.17      0.06     -0.0056  
   0.014     0.0023    1        -0.054    -0.00072   0.00076 
  -0.93      0.36      0.012    -0.018    -0.044    -0.05    
  -0.36     -0.93     -0.047     0.033    -0.012    -0.025   
  -0.36     -0.93     -0.047    -0.046     0.013     0.097   
   0.36      0.93      0.047     0.12     -0.048     0.015   

CINERT
   0         0         0         0         0         0         0         0         0         0       
   0.047     0.057     0.015     0.0037   -0.0056    0.0011    0.066    -0.014     0.25      3       
   0.0033    0.0026    0.0025   -0.0011   -0.001    -0.0013    0.022     0.027     0.028     0.59    
   0.00028   0.00023   0.00031  -0.00013  -5.9e-05  -7.4e-05   0.0018    0.0021    0.00092   0.03    
   0.026     0.0098    0.025    -0.0015   -0.0027    0.006     0.019     0.17     -0.045     1.3     
   0.026     0.022     0.005    -0.00099   0.0031    0.0088    0.015     0.051    -0.11      0.63    
   0.0099    0.0094    0.0016   -0.00052   0.0018    0.0029    0.0079    0.013    -0.039     0.17    
   0.0039    0.002     0.0021   -5.7e-05  -4.5e-05   0.0016    0.00081  -0.032     0.029     0.59    
   0.00038   0.00014   0.00029   4.3e-06  -1.4e-06   9.9e-05   4.7e-05  -0.0027    0.0011    0.03    
   0.018     0.016     0.028    -0.0091   -0.004    -0.00038  -0.11     -0.14     -0.016     1.4     
   0.013     0.0098    0.0068   -0.0019   -0.0023   -0.0064   -0.022    -0.051    -0.063     0.51    
   0.0074    0.0052    0.0028   -0.00032  -0.00054  -0.0034   -0.0033   -0.02     -0.029     0.17    

ACTUATOR_LENGTH
  -0.021   
   0.17    
   0.74    
  -1.4     
  -0.64    
  -0.036   
  -0.054   
  -0.96    
   1.9     
   0.99    

ACTUATOR_MOMENT
   0         0         0         0         0         0         1         0         0         0         0         0         0         0         0         0       
   0         0         0         0         0         0         0         1         0         0         0         0         0         0         0         0       
   0         0         0         0         0         0         0         0         1         0         0         0         0         0         0         0       
   0         0         0         0         0         0         0         0         0         1         0         0         0         0         0         0       
   0         0         0         0         0         0         0         0         0         0         1         0         0         0         0         0       
   0         0         0         0         0         0         0         0         0         0         0         1         0         0         0         0       
   0         0         0         0         0         0         0         0         0         0         0         0         1         0         0         0       
   0         0         0         0         0         0         0         0         0         0         0         0         0         1         0         0       
   0         0         0         0         0         0         0         0         0         0         0         0         0         0         1         0       
   0         0         0         0         0         0         0         0         0         0         0         0         0         0         0         1       

CRB
   0         0         0         0         0         0         0         0         0         0       
   0.16      0.13      0.089    -0.012    -0.011     0.0089   -1.6e-15   1.2e-15   6.7e-16   8.4     
   0.065     0.044     0.034    -0.0043    0.0011    0.016     0.065     0.26     -0.17      2.8     
   0.062     0.042     0.032    -0.0032    0.0022    0.018     0.043     0.23     -0.2       2.2     
   0.062     0.041     0.031    -0.0031    0.0022    0.018     0.042     0.23     -0.2       2.2     
   0.035     0.032     0.0066   -0.0015    0.0049    0.012     0.023     0.063    -0.15      0.8     
   0.0099    0.0094    0.0016   -0.00052   0.0018    0.0029    0.0079    0.013    -0.039     0.17    
   0.043     0.033     0.04     -0.011    -0.0068   -0.0086   -0.13     -0.24     -0.077     2.7     
   0.039     0.031     0.038    -0.011    -0.0068   -0.01     -0.13     -0.21     -0.11      2.1     
   0.039     0.031     0.038    -0.011    -0.0068   -0.01     -0.13     -0.21     -0.11      2       
   0.021     0.015     0.0095   -0.0023   -0.0028   -0.0099   -0.025    -0.071    -0.092     0.68    
   0.0074    0.0052    0.0028   -0.00032  -0.00054  -0.0034   -0.0033   -0.02     -0.029     0.17    

QM
   8.4       0         0         0.13     -0.37     -0.041    -0.13     -0.11     -0.22     -0.084     0.0049    0.1      -0.072     0.16      0.051    -0.0048  
   0         8.4       0         0.37      0.13     -0.18     -0.031    -0.28      0.098     0.019    -0.0014   -0.13     -0.19     -0.056    -0.023     0.002   
   0         0         8.4      -0.021     0.18      0.00098   0.0019   -0.11      0.086    -0.062     0.002    -0.0011    0.14     -0.097     0.069    -0.0017  
   0.13      0.37     -0.021     0.18     -0.0032   -0.021    -0.01     -0.072     0.012    -0.0074    0.00024  -0.0093   -0.049     0.011    -0.009     0.00028 
  -0.37      0.13      0.18     -0.0032    0.15      0.0041    0.012    -0.0028    0.06      0.021    -0.0017   -0.013     0.0079   -0.039    -0.01      0.0014  
  -0.041    -0.18      0.00098  -0.021     0.0041    0.092     0.021     0.012     0.02      0.0069   -0.00038   0.029     0.0091    0.019     0.0062   -0.0006  
  -0.13     -0.031     0.0019   -0.01      0.012     0.021     0.015     0.011     0.0074    0.0024   -0.0001    0         0         0         0         0       
  -0.11     -0.28     -0.11     -0.072    -0.0028    0.012     0.011     0.066    -0.0063    0.0045   -0.00016   0         0         0         0         0       
  -0.22      0.098     0.086     0.012     0.06      0.02      0.0074   -0.0063    0.055     0.019    -0.0016    0         0         0         0         0       
  -0.084     0.019    -0.062    -0.0074    0.021     0.0069    0.0024    0.0045    0.019     0.016    -0.0012    0         0         0         0         0       
   0.0049   -0.0014    0.002     0.00024  -0.0017   -0.00038  -0.0001   -0.00016  -0.0016   -0.0012    0.00047   0         0         0         0         0       
   0.1      -0.13     -0.0011   -0.0093   -0.013     0.029     0         0         0         0         0         0.021     0.0089    0.01      0.0033   -0.00032 
  -0.072    -0.19      0.14     -0.049     0.0079    0.0091    0         0         0         0         0         0.0089    0.041    -0.0072    0.0049   -0.00014 
   0.16     -0.056    -0.097     0.011    -0.039     0.019     0         0         0         0         0         0.01     -0.0072    0.036     0.0096   -0.0013  
   0.051    -0.023     0.069    -0.009    -0.01      0.0062    0         0         0         0         0         0.0033    0.0049    0.0096    0.013    -0.0011  
  -0.0048    0.002    -0.0017    0.00028   0.0014   -0.0006    0         0         0         0         0        -0.00032  -0.00014  -0.0013   -0.0011    0.00047 

QLD
   5.4       0.0048    0.1      -1.2       2         0.71     -6.5      -2.1      -3.8      -5.5       10        4.5      -1.3       4.2       3.7      -10      
   0.0048    5.2      -0.018    -3.6      -0.74      0.72      0.38     -4.3       2.3       1.2      -3        -3.7      -5.5      -1.4      -1.7       4.1     
   0.1      -0.018     6.2       0.38     -0.22     -0.011    -0.38     -0.57      4.9      -4.4       4.3       0.099     1.8      -4.9       6        -3.6     
  -1.2      -3.6       0.38      0.04     -0.0013   -0.079    -0.019    -1         0.63     -0.53      0.51     -0.012    -1.1       0.58     -0.77      0.59    
   2        -0.74     -0.22     -0.0013    0.041    -0.0018    0.25      0.064     1.1       1.3      -3.5      -0.13      0.0057   -1.1      -0.66      3       
   0.71      0.72     -0.011    -0.079    -0.0018    0.02      1.3       0.23      0.38      0.46     -0.79      1.3       0.34      0.51      0.44     -1.3     
  -6.5       0.38     -0.38     -0.019     0.25      1.3       0.012     0.19      0.14      0.16     -0.22      0         0         0         0         0       
  -2.1      -4.3      -0.57     -1         0.064     0.23      0.19      0.06     -0.35      0.31     -0.34      0         0         0         0         0       
  -3.8       2.3       4.9       0.63      1.1       0.38      0.14     -0.35      0.032     1.1      -3.3       0         0         0         0         0       
  -5.5       1.2      -4.4      -0.53      1.3       0.46      0.16      0.31      1.1       0.013    -2.6       0         0         0         0         0       
   10       -3         4.3       0.51     -3.5      -0.79     -0.22     -0.34     -3.3      -2.6       0.00047   0         0         0         0         0       
   4.5      -3.7       0.099    -0.012    -0.13      1.3       0         0         0         0         0         0.015     0.29      0.27      0.23     -0.68    
  -1.3      -5.5       1.8      -1.1       0.0057    0.34      0         0         0         0         0         0.29      0.036    -0.36      0.42     -0.29    
   4.2      -1.4      -4.9       0.58     -1.1       0.51      0         0         0         0         0         0.27     -0.36      0.029     0.6      -2.8     
   3.7      -1.7       6        -0.77     -0.66      0.44      0         0         0         0         0         0.23      0.42      0.6       0.011    -2.3     
  -10        4.1      -3.6       0.59      3        -1.3       0         0         0         0         0        -0.68     -0.29     -2.8      -2.3       0.00047 

QLDIAGINV
   0.19    
   0.19    
   0.16    
   25      
   24      
   49      
   86      
   17      
   31      
   78      
   2.1e+03 
   65      
   28      
   35      
   92      
   2.1e+03 

QLDIAGSQRTINV
   0.43    
   0.44    
   0.4     
   5       
   4.9     
   7       
   9.3     
   4.1     
   5.6     
   8.8     
   46      
   8.1     
   5.3     
   5.9     
   9.6     
   46      

B_rownnz              16 16 11 11 11 11 11 11 11 11 11 11

B_rowadr              0 16 32 43 54 65 76 87 98 109 120 131

B_colind              0 1 2 3 4 5 6 7 8 9 10 11 12 13 14 15 0 1 2 3 4 5 6 7 8 9 10 11 12 13 14 15 0 1 2 3 4 5 6 7 8 9 10 0 1 2 3 4 5 6 7 8 9 10 0 1 2 3 4 5 6 7 8 9 10 0 1 2 3 4 5 6 7 8 9 10 0 1 2 3 4 5 6 7 8 9 10 0 1 2 3 4 5 11 12 13 14 15 0 1 2 3 4 5 11 12 13 14 15 0 1 2 3 4 5 11 12 13 14 15 0 1 2 3 4 5 11 12 13 14 15 0 1 2 3 4 5 11 12 13 14 15

C_rownnz              16 16 16 16 16 16 11 11 11 11 11 11 11 11 11 11

C_rowadr              0 16 32 48 64 80 96 107 118 129 140 151 162 173 184 195

C_colind              0 1 2 3 4 5 6 7 8 9 10 11 12 13 14 15 0 1 2 3 4 5 6 7 8 9 10 11 12 13 14 15 0 1 2 3 4 5 6 7 8 9 10 11 12 13 14 15 0 1 2 3 4 5 6 7 8 9 10 11 12 13 14 15 0 1 2 3 4 5 6 7 8 9 10 11 12 13 14 15 0 1 2 3 4 5 6 7 8 9 10 11 12 13 14 15 0 1 2 3 4 5 6 7 8 9 10 0 1 2 3 4 5 6 7 8 9 10 0 1 2 3 4 5 6 7 8 9 10 0 1 2 3 4 5 6 7 8 9 10 0 1 2 3 4 5 6 7 8 9 10 0 1 2 3 4 5 11 12 13 14 15 0 1 2 3 4 5 11 12 13 14 15 0 1 2 3 4 5 11 12 13 14 15 0 1 2 3 4 5 11 12 13 14 15 0 1 2 3 4 5 11 12 13 14 15

mapM2C                0 2 5 9 14 20 27 35 44 54 65 72 80 89 99 110 2 1 4 8 13 19 26 34 43 53 64 71 79 88 98 109 5 4 3 7 12 18 25 33 42 52 63 70 78 87 97 108 9 8 7 6 11 17 24 32 41 51 62 69 77 86 96 107 14 13 12 11 10 16 23 31 40 50 61 68 76 85 95 106 20 19 18 17 16 15 22 30 39 49 60 67 75 84 94 105 27 26 25 24 23 22 21 29 38 48 59 35 34 33 32 31 30 29 28 37 47 58 44 43 42 41 40 39 38 37 36 46 57 54 53 52 51 50 49 48 47 46 45 56 65 64 63 62 61 60 59 58 57 56 55 72 71 70 69 68 67 66 74 83 93 104 80 79 78 77 76 75 74 73 82 92 103 89 88 87 86 85 84 83 82 81 91 102 99 98 97 96 95 94 93 92 91 90 101 110 109 108 107 106 105 104 103 102 101 100

D_rownnz              16 16 16 16 16 16 11 11 11 11 11 11 11 11 11 11

D_rowadr              0 16 32 48 64 80 96 107 118 129 140 151 162 173 184 195

D_colind              0 1 2 3 4 5 6 7 8 9 10 11 12 13 14 15 0 1 2 3 4 5 6 7 8 9 10 11 12 13 14 15 0 1 2 3 4 5 6 7 8 9 10 11 12 13 14 15 0 1 2 3 4 5 6 7 8 9 10 11 12 13 14 15 0 1 2 3 4 5 6 7 8 9 10 11 12 13 14 15 0 1 2 3 4 5 6 7 8 9 10 11 12 13 14 15 0 1 2 3 4 5 6 7 8 9 10 0 1 2 3 4 5 6 7 8 9 10 0 1 2 3 4 5 6 7 8 9 10 0 1 2 3 4 5 6 7 8 9 10 0 1 2 3 4 5 6 7 8 9 10 0 1 2 3 4 5 11 12 13 14 15 0 1 2 3 4 5 11 12 13 14 15 0 1 2 3 4 5 11 12 13 14 15 0 1 2 3 4 5 11 12 13 14 15 0 1 2 3 4 5 11 12 13 14 15

mapM2D                0 2 5 9 14 20 27 35 44 54 65 72 80 89 99 110 2 1 4 8 13 19 26 34 43 53 64 71 79 88 98 109 5 4 3 7 12 18 25 33 42 52 63 70 78 87 97 108 9 8 7 6 11 17 24 32 41 51 62 69 77 86 96 107 14 13 12 11 10 16 23 31 40 50 61 68 76 85 95 106 20 19 18 17 16 15 22 30 39 49 60 67 75 84 94 105 27 26 25 24 23 22 21 29 38 48 59 35 34 33 32 31 30 29 28 37 47 58 44 43 42 41 40 39 38 37 36 46 57 54 53 52 51 50 49 48 47 46 45 56 65 64 63 62 61 60 59 58 57 56 55 72 71 70 69 68 67 66 74 83 93 104 80 79 78 77 76 75 74 73 82 92 103 89 88 87 86 85 84 83 82 81 91 102 99 98 97 96 95 94 93 92 91 90 101 110 109 108 107 106 105 104 103 102 101 100

mapD2M                0 17 16 34 33 32 51 50 49 48 68 67 66 65 64 85 84 83 82 81 80 102 101 100 99 98 97 96 114 113 112 111 110 109 108 107 126 125 124 123 122 121 120 119 118 138 137 136 135 134 133 132 131 130 129 150 149 148 147 146 145 144 143 142 141 140 157 156 155 154 153 152 151 169 168 167 166 165 164 163 162 181 180 179 178 177 176 175 174 173 193 192 191 190 189 188 187 186 185 184 205 204 203 202 201 200 199 198 197 196 195

QDERIV
   0         0         0         0         0         0         0         0         0         0         0         0         0         0         0         0       
   0         0         0         0         0         0         0         0         0         0         0         0         0         0         0         0       
   0         0         0         0         0         0         0         0         0         0         0         0         0         0         0         0       
   0         0         0         0         0         0         0         0         0         0         0         0         0         0         0         0       
   0         0         0         0         0         0         0         0         0         0         0         0         0         0         0         0       
   0         0         0         0         0         0         0         0         0         0         0         0         0         0         0         0       
   0         0         0         0         0         0         0         0         0         0         0         0         0         0         0         0       
   0         0         0         0         0         0         0         0         0         0         0         0         0         0         0         0       
   0         0         0         0         0         0         0         0         0         0         0         0         0         0         0         0       
   0         0         0         0         0         0         0         0         0         0         0         0         0         0         0         0       
   0         0         0         0         0         0         0         0         0         0         0         0         0         0         0         0       
   0         0         0         0         0         0         0         0         0         0         0         0         0         0         0         0       
   0         0         0         0         0         0         0         0         0         0         0         0         0         0         0         0       
   0         0         0         0         0         0         0         0         0         0         0         0         0         0         0         0       
   0         0         0         0         0         0         0         0         0         0         0         0         0         0         0         0       
   0         0         0         0         0         0         0         0         0         0         0         0         0         0         0         0       

QLU
   0         0         0         0         0         0         0         0         0         0         0         0         0         0         0         0       
   0         0         0         0         0         0         0         0         0         0         0         0         0         0         0         0       
   0         0         0         0         0         0         0         0         0         0         0         0         0         0         0         0       
   0         0         0         0         0         0         0         0         0         0         0         0         0         0         0         0       
   0         0         0         0         0         0         0         0         0         0         0         0         0         0         0         0       
   0         0         0         0         0         0         0         0         0         0         0         0         0         0         0         0       
   0         0         0         0         0         0         0         0         0         0         0         0         0         0         0         0       
   0         0         0         0         0         0         0         0         0         0         0         0         0         0         0         0       
   0         0         0         0         0         0         0         0         0         0         0         0         0         0         0         0       
   0         0         0         0         0         0         0         0         0         0         0         0         0         0         0         0       
   0         0         0         0         0         0         0         0         0         0         0         0         0         0         0         0       
   0         0         0         0         0         0         0         0         0         0         0         0         0         0         0         0       
   0         0         0         0         0         0         0         0         0         0         0         0         0         0         0         0       
   0         0         0         0         0         0         0         0         0         0         0         0         0         0         0         0       
   0         0         0         0         0         0         0         0         0         0         0         0         0         0         0         0       
   0         0         0         0         0         0         0         0         0         0         0         0         0         0         0         0       

CONTACT
  0:
     dim           3
     geoms         floor : 11
     exclude       0
     efc_address   0
     solref         0.02      1       
     solimp         0.9       0.95      0.001     0.5       2       
     dist          -0.0014  
     includemargin  0       
     pos            1.8      -0.44     -0.51    
     frame          0         0         1         0         1         0        -1         0         0       
     friction       1         1         0.005     0.0001    0.0001  
     mu             1       
  1:
     dim           3
     geoms         floor : 11
     exclude       0
     efc_address   3
     solref         0.02      1       
     solimp         0.9       0.95      0.001     0.5       2       
     dist          -0.00074 
     includemargin  0       
     pos            1.9      -0.48     -0.51    
     frame          0         0         1         0         1         0        -1         0         0       
     friction       1         1         0.005     0.0001    0.0001  
     mu             1       
  2:
     dim           3
     geoms         floor : 11
     exclude       0
     efc_address   6
     solref         0.02      1       
     solimp         0.9       0.95      0.001     0.5       2       
     dist          -0.00027 
     includemargin  0       
     pos            1.9      -0.49     -0.51    
     frame          0         0         1         0         1         0        -1         0         0       
     friction       1         1         0.005     0.0001    0.0001  
     mu             1       

EFC_TYPE
  7
  7
  7
  7
  7
  7
  7
  7
  7

EFC_ID
  0
  0
  0
  1
  1
  1
  2
  2
  2

EFC_J
   0         0         1         0.083     0.072     0.0015    0.00083  -0.028     0.072    -0.027    -0.056     0         0         0         0         0       
   0         1         0         0.28      0.096    -0.037    -0.051    -0.28      0.11      0.051    -0.027     0         0         0         0         0       
  -1         0         0        -0.097     0.28      0.1       0.051     0.1       0.25      0.15     -0.043     0         0         0         0         0       
   0         0         1         0.08     -0.068     0.00054  -0.00015  -0.028    -0.066    -0.17      0.082     0         0         0         0         0       
   0         1         0         0.27      0.095     0.095     0.08     -0.27      0.082     0.028    -0.0032    0         0         0         0         0       
  -1         0         0        -0.097     0.28      0.054     0.0025    0.1       0.26      0.16     -0.051     0         0         0         0         0       
   0         0         1         0.074    -0.068     0.00046  -0.00023  -0.022    -0.066    -0.17      0.082     0         0         0         0         0       
   0         1         0         0.27      0.095     0.093     0.078    -0.27      0.082     0.028    -0.0035    0         0         0         0         0       
  -1         0         0        -0.096     0.28      0.048    -0.0036    0.1       0.26      0.16     -0.052     0         0         0         0         0       

EFC_POS
  -0.0014  
   0       
   0       
  -0.00074 
   0       
   0       
  -0.00027 
   0       
   0       

EFC_MARGIN
   0       
   0       
   0       
   0       
   0       
   0       
   0       
   0       
   0       

EFC_FRICTIONLOSS
   0       
   0       
   0       
   0       
   0       
   0       
   0       
   0       
   0       

EFC_DIAGAPPROX
   1.4     
   1.4     
   1.4     
   1.4     
   1.4     
   1.4     
   1.4     
   1.4     
   1.4     

EFC_KBIP
   2.8e+03   1.1e+02   0.95      0       
   0         1.1e+02   0.95      0       
   0         1.1e+02   0.95      0       
   2.8e+03   1.1e+02   0.94     -52      
   0         1.1e+02   0.94     -52      
   0         1.1e+02   0.94     -52      
   2.8e+03   1.1e+02   0.91     -55      
   0         1.1e+02   0.91     -55      
   0         1.1e+02   0.91     -55      

EFC_D
   13      
   13      
   13      
   12      
   12      
   12      
   6.9     
   6.9     
   6.9     

EFC_R
   0.074   
   0.074   
   0.074   
   0.085   
   0.085   
   0.085   
   0.14    
   0.14    
   0.14    

ACTUATOR_VELOCITY
   0.17    
  -0.21    
   2       
  -0.56    
   1.5     
   0.037   
   0.54    
   3.2     
   1.8     
   4.6     

CVEL
   0         0         0         0         0         0       
  -0.23      0.17     -0.26      0.35     -0.12     -0.048   
  -0.23      0.17     -0.086     0.36     -0.13     -0.048   
  -0.035     0.099    -0.088     0.36     -0.12     -0.06    
   0.64      1.9      -0.44      0.29     -0.084    -0.017   
   0.45      1.4      -0.34      0.25     -0.064     0.026   
  -0.073    -0.0028   -0.069    -0.001     0.028     0.018   
  -0.23      0.17     -0.22      0.35     -0.12     -0.048   
  -0.73      0.36     -0.21      0.34     -0.15     -0.075   
  -1.9      -2.6      -0.36      0.44     -0.18     -0.15    
  -2.5      -4.3      -0.45      0.36     -0.16      0.019   
  -0.86      0.029    -0.23      0.93     -0.38      0.089   

CDOF_DOT
   0         0         0         0         0         0       
   0         0         0         0         0         0       
   0         0         0         0         0         0       
   0         0        -0        -0.015    -0.044    -0.0056  
  -0         0         0         0.049    -0.014     0.37    
   0         0         0        -0.12     -0.36      0.0025  
   0.17      0.23     -0.0029   -0.13     -0.36      0.0028  
   0.032     0.083     0.081     0.021     0.055     0.016   
   0.064    -0.036    -0.066     0.08      0.048     0.38    
   0.064    -0.036    -0.066    -0.14      0.07      0.16    
  -0.064     0.036     0.066     0.026     0.0052    0.0056  
   0.17      0.23     -0.0029   -0.12     -0.34      0.012   
   0.082     0.21      0.076    -0.0023    0.033     0.024   
  -0.22      0.043     0.81     -0.074     0.018    -0.37    
  -0.22      0.043     0.81     -0.38      0.28     -0.63    
   0.22     -0.043    -0.81     -0.11     -0.027     1       

QFRC_BIAS
   0.31    
  -0.48    
   86      
  -0.43    
   1.9     
   0.02    
  -0.014   
  -1.1     
   0.81    
  -0.67    
   0.022   
   0.061   
   1.6     
  -1.1     
   0.8     
  -0.013   

QFRC_SPRING
   0       
   0       
   0       
   0       
   0       
   0       
   0       
   0       
   0       
   0       
   0       
   0       
   0       
   0       
   0       
   0       

QFRC_DAMPER
   0       
   0       
   0       
   0       
   0       
   0       
   0       
   0       
   0       
   0       
   0       
   0       
   0       
   0       
   0       
   0       

QFRC_GRAVCOMP
   0       
   0       
   0       
   0       
   0       
   0       
   0       
   0       
   0       
   0       
   0       
   0       
   0       
   0       
   0       
   0       

QFRC_FLUID
   0       
   0       
   0       
   0       
   0       
   0       
   0       
   0       
   0       
   0       
   0       
   0       
   0       
   0       
   0       
   0       

QFRC_PASSIVE
   0       
   0       
   0       
   0       
   0       
   0       
   0       
   0       
   0       
   0       
   0       
   0       
   0       
   0       
   0       
   0       

EFC_VEL
   0.011   
   0.011   
  -0.0063  
   0.015   
   0.0025  
  -0.003   
   0.015   
   0.0026  
  -0.0026  

EFC_AREF
   2.6     
  -1.2     
   0.66    
   0.38    
  -0.26    
   0.31    
  -0.9     
  -0.28    
   0.27    

SUBTREE_LINVEL
   0         0         0       
   0         0         0       
   0         0         0       
   0         0         0       
   0         0         0       
   0         0         0       
   0         0         0       
   0         0         0       
   0         0         0       
   0         0         0       
   0         0         0       
   0         0         0       

SUBTREE_ANGMOM
   0         0         0       
   0         0         0       
   0         0         0       
   0         0         0       
   0         0         0       
   0         0         0       
   0         0         0       
   0         0         0       
   0         0         0       
   0         0         0       
   0         0         0       
   0         0         0       

ACTUATOR_FORCE
  -0.57    
  -4       
  -0.4     
   5.3     
   0.45    
   0.45    
   0.96    
  -0.81    
  -0.39    
   0.014   

QFRC_ACTUATOR
   0       
   0       
   0       
   0       
   0       
   0       
  -0.57    
  -4       
  -0.4     
   5.3     
   0.45    
   0.45    
   0.96    
  -0.81    
  -0.39    
   0.014   

QFRC_SMOOTH
  -0.31    
   0.48    
  -86      
   0.43    
  -1.9     
  -0.02    
  -0.55    
  -2.9     
  -1.2     
   6       
   0.43    
   0.38    
  -0.65    
   0.33    
  -1.2     
   0.027   

QACC_SMOOTH
  -1       
  -4.1     
  -1.6     
  -22      
  -7.6     
   3       
   79      
  -1.9e+02 
  -2.9e+02 
   9.1e+02 
   2.3e+03 
   4.7     
  -42      
   15      
  -1.1e+02 
  -1.3e+02 

EFC_B
  -1.7e+02 
  -5.9     
  -43      
   54      
   42      
  -60      
   54      
   41      
  -61      

EFC_FORCE
   49      
  -14      
   4.1     
   22      
  -2.4     
   0.11    
   4.4     
  -1.5     
  -0.2     

EFC_STATE
  1
  1
  1
  1
  1
  1
  1
  1
  1

QFRC_CONSTRAINT
  -4.1     
  -18      
   75      
   0.9     
   1.2     
   0.65    
   0.65    
   3.2     
   1.1     
  -5.9     
  -0.44    
   0       
   0       
   0       
   0       
   0       

QFRC_INVERSE
   0       
   0       
   0       
   0       
   0       
   0       
   0       
   0       
   0       
   0       
   0       
   0       
   0       
   0       
   0       
   0       

CACC
   0         0         0        -0        -0         9.8     
  -1.1      -6.8       4.1      -0.47     -2.5       10      
  -1        -6.8       2.9      -0.54     -2.5       10      
   6.4      -9.6       2.8      -0.42     -2.2       9.7     
   5.1      -14        3.4      -0.11     -2.2       10      
   13        6.9      -0.44      1.2      -3         8.6     
   9.9      -0.16      1        -0.016    -2.5       8.5     
  -0.93     -6.8       13       -0.94     -2.5       10      
   10       -11        13       -0.73     -2         11      
   1.4      -32        14       -0.2      -2.2       9       
   46        83        21        4.8      -3.3      -4.1     
  -1.8      -43        11       -12        3.1      -1.3     

CFRC_INT
   8.9e-16   3.3e-16  -3.3e-16   4.4e-15   8.9e-15   0       
   8.9e-16   3.3e-16  -3.3e-16   4.4e-15   8.9e-15   0       
   0.86      0.2      -0.31      3.4       13       -47      
   0.51      0.45     -0.29      4         14       -53      
   0.48      0.47     -0.28      4         14       -54      
  -1.2       0.77     -0.24      4.1       17       -68      
  -1.6       0.91     -0.23      4.1       17       -74      
  -1.3       0.98      0.43     -0.28     -5.5       16      
  -1         1         0.45      0.08     -4         10      
  -0.98      1         0.45      0.081    -4         10      
   0.26      0.43     -0.28     -2.6       1.1      -0.45    
   0.1       0.093    -0.082    -0.65      0.44     -0.25    

CFRC_EXT
   0         0         0         0         0         0       
   0         0         0         0         0         0       
   0         0         0         0         0         0       
   0         0         0         0         0         0       
   0         0         0         0         0         0       
   0         0         0         0         0         0       
   1.7      -0.98      0.23     -4.1      -18        75      
   0         0         0         0         0         0       
   0         0         0         0         0         0       
   0         0         0         0         0         0       
   0         0         0         0         0         0       
   0         0         0         0         0         0       

